0.0728307 5.76887e-05
10.944
11.4809
10.0078
10.3947
8.55159
9.05848
9.37536
8.05225
6.05914
6.59603
6.95291
7.3798
7.50669
7.75358
7.54046
7.00735
7.39424
3.76113
3.81801
1.7849
1.17179
1
1.24556
1.22245
1.53934
1.66623
1.28311
1
1.40311
1.57623
1.43934
1.76245
1.74556
2.87868
4.31179
4.2949
4.46801
4.07113
3.83424
3.32735
3.24046
2.77358
2.75669
3.1398
3.20291
3.81603
3.90914
3.85225
3.68536
3.33848
3.13159
2.5547
2.08781
2.11093
1.56404
1.28715
1.34026
1.03338
1.34649
1.0996
1
1
1
1
1
1
1
1
1.72762
1.78073
1.24384
1.44695
2.84007
3.16318
2.95629
2.9394
2.36252
1.89563
3.77874
3.61185
3.03497
2.60808
2.18119
2.0443
2.17742
1.60053
1.54364
1.04675
1
1
1
1
1
1
1.51854
1
1
1.12788
1
1
1
1
1
1
1
1
1
1
1
1
1
1
1
1
1
1.02609
1.08298
1.54987
1.67675
1.99364
1.64053
1.98742
2.4543
2.44119
2.52808
3.07497
3.57185
3.43874
3.83563
4.30252
4.5394
3.88629
4.31318
4.82007
4.23695
4.33384
3.19073
3.47762
3.3845
2.80139
2.96828
3.17517
2.74205
3.16894
2.85583
3.17272
3.2596
3.72649
3.78338
4.32026
4.30715
4.32404
3.04093
2.64781
2.4047
2.87159
2.62848
2.19536
2.66225
2.78914
2.95603
3.42291
3.2198
2.04669
1
1
1
1
1
1
1
1
1
1
1
1
1
1
1
2.25311
1.74623
1.83934
1.67245
2.51556
3.12868
2.55179
2.2749
4.48801
5.25113
4.82424
5.25735
5.94046
5.96358
7.35669
7.7498
7.77291
8.64603
10.1191
10.8823
13.2854
