0.0789563 5.44961e-05
9.35752
3.01248
3.03744
1.4924
1.88736
1
1
1
1
1
1
1
2.13295
1.62798
1.15302
1
1
1
1
1.03822
1.57326
1.21829
1
1
1
1
1
1
1
1.1786
1
2.43868
2.41372
2.08876
1.5838
1.51884
1.01388
1
1
1
1
1
1.10589
1.05085
1.11581
1.47078
1
1
1
1.08062
1.47558
1.72054
2.0855
2.29047
1.97543
2.00039
2.06535
1.23031
1.10527
1
1
1
1.07488
1.00992
1
1
1
1
1
1
1
1
1
1
1
1
1
1.09953
1.5345
1
1
1
1
1
1
1
1
1
1
1
1
1
1
1
1.01388
1
1
1
1
1
1
1
1
1.19147
1
1
1
1
1
1
1
1
1
1
1
1
1
1
1
1
1
1.19783
1
1
1.11729
1
1.28736
2.0524
1.87744
1.78248
2.53752
3.26256
4.2076
3.81264
3.67767
3.54271
2.99775
2.59279
2.04783
1.69287
1.18791
1.16295
1.21798
1.60302
1.31806
1.1031
1.07814
1
1
1.08326
1
1
1
1
1
1
1
1
1
1.38636
1.48132
1.98628
2.01124
2.5162
2.91116
3.34612
3.71109
3.72605
3.87101
3.66597
3.02093
2.74589
2.84085
2.97581
3.37078
3.39574
3.7507
1.99566
1
1
1
1.0055
1.14047
1.08543
1.00039
1.28535
1
1.51527
1
1.34519
1.64984
1.36488
1.89992
1.35496
1
1.05504
6.06008
11.6951
12.4602
15.4852
